<?xml version="1.0"?>
<opencv_storage>
<calibration_Time>"Tue 15 May 2018 03:05:57 PM PKT"</calibration_Time>
<nrOfFrames>25</nrOfFrames>
<image_Width>160</image_Width>
<image_Height>120</image_Height>
<board_Width>9</board_Width>
<board_Height>6</board_Height>
<square_Size>2.5000000372529030e-02</square_Size>
<!-- flags:  +zero_tangent_dist -->
<flagValue>8</flagValue>
<Camera_Matrix type_id="opencv-matrix">
  <rows>3</rows>
  <cols>3</cols>
  <dt>d</dt>
  <data>
    1.3647812535668552e+02 0. 7.9158409579151510e+01 0.
    1.3617562929032141e+02 4.8842139020493121e+01 0. 0. 1.</data></Camera_Matrix>
<Distortion_Coefficients type_id="opencv-matrix">
  <rows>5</rows>
  <cols>1</cols>
  <dt>d</dt>
  <data>
    -1.8742025020783579e-02 -3.3125587255582267e-01 0. 0.
    7.4027981075001470e-01</data></Distortion_Coefficients>
<Avg_Reprojection_Error>1.8511558485786239e-01</Avg_Reprojection_Error>
<Per_View_Reprojection_Errors type_id="opencv-matrix">
  <rows>25</rows>
  <cols>1</cols>
  <dt>f</dt>
  <data>
    2.22176850e-01 2.31996447e-01 2.40379006e-01 2.16603667e-01
    2.31004253e-01 2.01773524e-01 2.19417840e-01 2.48306453e-01
    1.54334292e-01 1.99921176e-01 2.04005152e-01 2.16544658e-01
    2.09333360e-01 2.52332240e-01 1.16172560e-01 1.70444250e-01
    7.04485103e-02 6.41265512e-02 9.85048190e-02 8.55893567e-02
    1.96269244e-01 1.78687647e-01 1.37915060e-01 8.80065486e-02
    1.38843268e-01</data></Per_View_Reprojection_Errors>
<!-- a set of 6-tuples (rotation vector + translation vector) for each view -->
<Extrinsic_Parameters type_id="opencv-matrix">
  <rows>25</rows>
  <cols>6</cols>
  <dt>d</dt>
  <data>
    2.2502865959221530e-01 1.7075978820865384e-01 1.5382216101306722e-02
    -7.3151131097616312e-02 -9.3326040168861576e-02
    5.4047916220749215e-01 2.6234996557756496e-01 2.2403420330482082e-01
    4.0612202357920554e-02 -4.9691426374791070e-02
    -7.9548984404585341e-02 3.4241882236685001e-01
    3.4575597747471593e-01 2.2676750418447683e-01 8.8349058630151529e-03
    -5.3799082875477890e-02 -5.0124786240593591e-02
    3.1454259492819142e-01 3.5799883790905818e-01 2.8658101431842348e-01
    3.5955395391941772e-02 -5.2563100946160318e-02
    -7.9420691776604976e-02 3.8967870473968830e-01
    3.6248008300756651e-01 2.6400409831233468e-01 2.5761492130041422e-02
    -3.7436778182629908e-02 -8.4511341369953571e-02
    4.0471330621209534e-01 1.0372092540999603e-01 2.3611639212160215e-01
    -1.5945840335267226e-02 -3.2327560510518244e-02
    1.8989563361525942e-02 4.4372624716710379e-01 7.4080834606645954e-02
    2.3654444378832845e-01 -8.2904809967156122e-03
    -6.1993493986614794e-02 1.8187290468455870e-02
    4.3612286249746013e-01 2.8960771958256237e-01 2.3814136712878242e-01
    -7.9483904309148132e-02 -9.7545082179028214e-02
    -9.2417467818210156e-02 3.8444720596514081e-01
    2.2366605747909099e-01 2.3830256011639517e-01
    -1.0286629617941748e-01 -7.7934080901413447e-02
    -1.9209472176274875e-02 3.7772599285507724e-01
    -3.0349835392180030e-01 4.5878931658580624e-01
    1.6936903292946764e-01 -1.8965855296776135e-02
    -2.0534374157975435e-03 4.3063779021669985e-01
    3.2408974603598775e-02 -7.6273429126956102e-02
    -4.2736274169293560e-03 -1.0485332864646398e-01
    -3.4656641132443378e-02 4.5052094263715647e-01
    4.4768832574363066e-02 -2.8784990715861852e-01
    -8.8439909815511315e-03 -1.2696683262479189e-01
    -3.3195137265419235e-02 3.8393975059190788e-01
    6.1892913150421433e-02 -3.5419508643068914e-01
    -1.0305811691357700e-02 -1.2514395070549722e-01
    -3.8840500980619315e-02 3.6158418723866598e-01
    -2.5292738436772938e-01 -3.0105473687798293e-04
    1.0369207146137221e-01 -1.0972676298897990e-01
    -5.5617227562000521e-02 4.1687008668467623e-01
    -3.6461261672571015e-02 -5.6497911991377561e-02
    -3.2127600865468853e-01 -8.3436581233945539e-02
    -1.3272179151949053e-02 3.9652799184158871e-01
    2.8900520061537368e-02 1.7429879128784173e-02
    -2.3464127738544516e-01 -9.0096348924843819e-02
    -1.7448645240799341e-02 4.1296232601091304e-01
    -3.6409826228942344e-02 -8.0641896459357158e-03
    -5.2201308288520143e-01 -5.8628780142310113e-02
    5.1384591407296022e-03 3.9507260050818477e-01
    -1.1422122413605122e-02 -2.0021869475252238e-02
    -6.5095175588922127e-01 -7.4464744472228658e-02
    5.2854882648728507e-02 3.7891097903923837e-01 5.3498986664092828e-02
    -5.7912376647301526e-02 -7.8429187114095489e-01
    -8.0538258845014699e-02 5.9876551254020388e-02
    3.5563258604366338e-01 9.2058967653256163e-02
    -7.7916224961840141e-02 -9.4264781944350151e-01
    -6.7495251053926161e-02 6.2238098198295747e-02
    3.3411039928968744e-01 8.1409844134634535e-02 8.2752587339751590e-02
    -1.4254449383813710e+00 -1.5667973459082621e-03
    1.2191652502084480e-01 3.8452621107651991e-01 1.1566270984880626e-01
    1.8582393172896527e-01 -1.4487939873787268e+00
    2.5465156904544397e-02 1.0794799208415545e-01 4.7465691547563804e-01
    -4.6618491647824377e-03 2.4099438298100470e-01
    -1.6649332926531344e+00 5.6808378562740236e-02
    7.7549186238761794e-02 4.7722769689379613e-01
    -3.7123993231579283e-01 4.1552627032129870e-04
    -2.7468752692170662e+00 1.5592364022664520e-01
    1.2395420799542733e-01 3.5457393878805149e-01
    -2.6812749615660419e-01 4.2183968244006342e-01
    -2.8421830125877778e+00 8.2545628671270022e-02
    1.3549966433351668e-01 4.4409183641565864e-01</data></Extrinsic_Parameters>
