<?xml version="1.0"?>
<opencv_storage>
<calibration_Time>"Wed 16 May 2018 01:33:23 AM PKT"</calibration_Time>
<nrOfFrames>40</nrOfFrames>
<image_Width>640</image_Width>
<image_Height>480</image_Height>
<board_Width>9</board_Width>
<board_Height>6</board_Height>
<square_Size>2.5000000372529030e-02</square_Size>
<!-- flags:  +zero_tangent_dist -->
<flagValue>8</flagValue>
<Camera_Matrix type_id="opencv-matrix">
  <rows>3</rows>
  <cols>3</cols>
  <dt>d</dt>
  <data>
    5.5295251923589706e+02 0. 3.1923640087850094e+02 0.
    5.5148703685924897e+02 2.3541273504295131e+02 0. 0. 1.</data></Camera_Matrix>
<Distortion_Coefficients type_id="opencv-matrix">
  <rows>5</rows>
  <cols>1</cols>
  <dt>d</dt>
  <data>
    -1.2138911628256470e-02 -2.2200063910035242e-01 0. 0.
    5.3345092945057071e-01</data></Distortion_Coefficients>
<Avg_Reprojection_Error>3.0798611802803921e-01</Avg_Reprojection_Error>
<Per_View_Reprojection_Errors type_id="opencv-matrix">
  <rows>40</rows>
  <cols>1</cols>
  <dt>f</dt>
  <data>
    2.67871946e-01 2.01549456e-01 3.14375043e-01 4.60179240e-01
    2.42690802e-01 3.62789780e-01 3.23098212e-01 3.57819259e-01
    2.42951706e-01 1.86090261e-01 2.50164866e-01 3.86218786e-01
    2.10280597e-01 7.72128105e-01 1.92546010e-01 4.52464402e-01
    3.79046828e-01 3.82266402e-01 2.87263662e-01 2.47507438e-01
    2.35833183e-01 2.23007202e-01 2.36320868e-01 1.62983850e-01
    3.02063853e-01 3.30987960e-01 2.17885077e-01 2.31076747e-01
    2.10662037e-01 2.86650687e-01 1.47781283e-01 2.06376642e-01
    2.00169370e-01 1.60908476e-01 2.30894253e-01 2.45077550e-01
    2.48981342e-01 4.09760952e-01 3.80930841e-01 3.03930521e-01</data></Per_View_Reprojection_Errors>
<!-- a set of 6-tuples (rotation vector + translation vector) for each view -->
<Extrinsic_Parameters type_id="opencv-matrix">
  <rows>40</rows>
  <cols>6</cols>
  <dt>d</dt>
  <data>
    1.0231130087901166e-01 -3.6811185610698752e-03
    -1.7235438640902179e+00 -3.1975125727202840e-02
    7.2905817490610453e-02 6.1132134048686304e-01 6.3134891073021490e-02
    -7.4124015810348286e-03 -1.7181165473574631e+00
    -3.3801666776715485e-02 9.1314059816843887e-02
    5.6926841862853750e-01 8.3593579396788895e-02
    -4.7143443689967902e-02 -1.7081265533147305e+00
    -3.9032716370612827e-02 1.1165651820417995e-01
    5.4303624553650254e-01 7.7572138037575872e-02 9.0871481372043969e-02
    -1.6378780049589634e+00 -5.2601382323994667e-02
    1.4275067893278862e-01 3.8921589668543261e-01 9.9737275606930867e-02
    1.0712777411398040e-01 -1.6394927125706389e+00
    -4.5619020614640828e-02 1.0425630379051409e-01
    3.8345038067375398e-01 2.9510754988718128e-02 6.4906792999985169e-02
    -1.9208235321674800e+00 -2.8428800925195907e-02
    1.1044369555934920e-01 3.9117799314692875e-01 3.6818152690806527e-01
    3.8551791251485612e-01 -2.9430602496755665e+00
    -2.8205253765124404e-02 7.6334541715338627e-02
    4.4324879091314101e-01 3.5377649533480637e-01 3.4852097336595955e-01
    -2.9596419970335308e+00 -1.0156596110627010e-02
    7.7050888281599936e-02 4.4175160255794443e-01 3.0638607334126966e-01
    4.3591082529574748e-01 -2.9167096369271519e+00
    6.0869393945922570e-02 4.7734838068702684e-02 4.9247581083886710e-01
    4.1965749846968554e-02 -2.8491529856384612e-01
    -3.0213605662217788e+00 8.3772846320903760e-02
    1.1718746532571535e-01 4.0493315045163519e-01
    -6.5563473820957369e-02 4.5746193054788781e-01
    3.0950518406280048e+00 7.1233553939115124e-02 9.5059265225060655e-02
    3.9006015862559390e-01 8.3002599440376135e-02
    -6.5347316292743998e-02 -3.0492213493165652e+00
    7.8892885186731737e-02 1.0089262005709267e-01 4.0635564475457642e-01
    2.5653474944194499e-02 3.6291013816944717e-01
    -3.0710239600861322e+00 7.0365669526704699e-02
    5.7031827350077363e-02 4.1039325558632733e-01 1.9552635471773572e-01
    1.6356866605170287e-01 -3.0823364251810283e+00
    9.8905329691089686e-02 6.1142759508327364e-02 4.1008580029732689e-01
    -1.8239824983760142e-01 7.1427623100892790e-02
    -3.1341814572430722e+00 1.5435412297506496e-01
    4.8674869912317259e-02 4.0423111687832880e-01 1.4225317047552194e-01
    4.1680380608396278e-01 -3.0349320309997356e+00
    9.3931906496929660e-02 4.7011205334535032e-02 4.6954735138732889e-01
    7.4099336655256431e-01 1.1589027279438092e-01
    -3.0234125494912756e+00 3.1300696839224047e-02
    4.5058809246153110e-02 4.4147705153522337e-01 4.8062699262714853e-01
    5.6282630333753947e-01 -3.0167614221898429e+00
    6.4502970562673193e-02 3.7147723621775416e-02 4.8133405808196267e-01
    2.2329271326729747e-01 9.6376527647902208e-02
    -3.1127508975947893e+00 8.9142216587330375e-02
    8.4305011133483418e-02 4.5541226739541835e-01 2.5030842530226360e-01
    -4.0494799199154896e-01 -3.0401138653650106e+00
    1.0692075037263478e-01 1.2328199111459970e-01 4.1131301931606828e-01
    2.4427603129207262e-01 -3.7786813562923205e-01
    -3.0454656308115204e+00 1.0762258655948091e-01
    1.4800725325760991e-01 4.1191713493477544e-01 3.1239415767972095e-01
    -1.5774243073405206e-01 -3.0562117308611119e+00
    9.4908823484395999e-02 9.1329650454161443e-02 4.3130134023681799e-01
    2.1865419980688830e-01 -9.9294905014087761e-02
    -3.0748505730228231e+00 9.9995293486245793e-02
    9.0046076649986220e-02 5.1450625572387221e-01 1.8110986597891651e-01
    1.5650762731857504e-01 -3.0720458902850778e+00
    8.9135277976709559e-02 8.7191563331363076e-02 5.7483114363803611e-01
    1.7299514193696330e-01 1.9302448192332008e-01
    -3.1055355594986285e+00 7.8202412814222882e-02
    4.4141884576208996e-02 5.9327440802744325e-01 3.3511211342763597e-01
    1.1346679918289693e-01 -3.0604467923108269e+00
    4.9807321390200672e-02 4.9471990365178423e-02 5.8641327463729176e-01
    7.7709671046688555e-01 1.7117506802493110e-01
    -2.9927926497170096e+00 -3.3095484215171077e-02
    4.5055479872576770e-02 6.3990654230487076e-01 7.7425053132077959e-01
    1.5176473345023145e-01 -3.0111789294363462e+00
    -1.1796272262162047e-02 4.7309516510315362e-02
    6.4523781563487326e-01 2.5772814115711212e-01 7.9397496697733425e-02
    -3.1229869537217687e+00 1.0860442571095130e-01
    5.4701762693565373e-02 6.3291355292545737e-01
    -2.7602797446233329e-01 1.5286641176288066e-01
    -3.0919533821230725e+00 1.7720629167612845e-01
    5.8941339816926355e-02 5.9123584329738998e-01
    -4.0101427844404430e-01 1.9406253569656412e-01
    -3.0840923359371293e+00 2.0330256611959766e-01
    6.1910853544139083e-02 5.8311124070303233e-01
    -1.7321496937577857e-01 3.1034136926216443e-01
    -3.0913733490503614e+00 1.8145833121529062e-01
    9.0180503330658787e-02 5.9521164261291815e-01
    -4.5136458107301646e-03 -6.4403585543669262e-01
    -3.0535455991472182e+00 7.5562630888207638e-02
    1.0782966257081726e-01 5.6100700617540233e-01 5.0915619625482723e-02
    -5.7235325871314091e-01 -3.0696217764958358e+00
    6.5563580750900283e-02 1.3240760396305473e-01 5.9079372501075089e-01
    -1.8633335647883716e-02 5.9975783548356010e-01
    3.0767371273921635e+00 6.8590485837786971e-02 1.7564481197488233e-01
    5.5733902492886767e-01 -8.0449743562267487e-02
    7.0054407410131181e-01 3.0472494817778175e+00 6.3118875228186280e-02
    2.0488802854155094e-01 5.3932953965397901e-01 9.8401060312034064e-02
    -6.6805442127024339e-01 -3.0593486088665101e+00
    8.2489770312574776e-02 6.2306618711658636e-02 5.1521834967735569e-01
    1.0202919330574893e-01 9.8872487200916437e-01
    -2.9651995789669270e+00 7.3273117358617065e-02
    6.5658828122656152e-02 6.3970027677035246e-01
    -3.5435433339063967e-02 -9.4606966956582761e-01
    2.9854700021122431e+00 8.1678967485756690e-02 1.0522435605739586e-01
    6.6027348720592738e-01 -2.7006741021849016e-02
    -6.1077862390581450e-01 3.0786501477410604e+00
    9.1432835670143139e-02 1.2493083178184246e-01 6.1815225449728606e-01</data></Extrinsic_Parameters>
