; 3 degrees
torsoPitchOffset = 2.14
torsoRollOffset = 0.0
logKinData = false

[ComEstimator]
procPosVar = 0.005
procVelVar = 0.005
procAccVar = 0.005
measPosVar = 0.0005
measAccVar = 0.0007834572301599419
measAccVarY = 0.00026013811660196326
measAccVarZ = 0.0006921648188941272
measZmpVar = 1e12
; 0.1
; 25.0;
; 1e9

[ImuAccelBias]
x = 0.512156
y = -0.00180207
z = -0.365306

[ImuAccelScale]
x = 0.969679
y = -0.998181
z = 0.98219
