<?xml version="1.0"?>
<opencv_storage>
<calibration_Time>"Sun 28 Apr 2019 06:00:41 AM PKT"</calibration_Time>
<nrOfFrames>50</nrOfFrames>
<image_Width>320</image_Width>
<image_Height>240</image_Height>
<board_Width>9</board_Width>
<board_Height>6</board_Height>
<square_Size>2.5000000372529030e-02</square_Size>
<!-- flags:  +zero_tangent_dist -->
<flagValue>8</flagValue>
<Camera_Matrix type_id="opencv-matrix">
  <rows>3</rows>
  <cols>3</cols>
  <dt>d</dt>
  <data>
    2.7863078794646600e+02 0. 1.5983106482275869e+02 0.
    2.7821776620077543e+02 9.5015118343809860e+01 0. 0. 1.</data></Camera_Matrix>
<Distortion_Coefficients type_id="opencv-matrix">
  <rows>5</rows>
  <cols>1</cols>
  <dt>d</dt>
  <data>
    -6.8468482925969743e-02 -5.6962982068688148e-02 0. 0.
    2.6217996643065772e-01</data></Distortion_Coefficients>
<Avg_Reprojection_Error>1.3680870844383689e-01</Avg_Reprojection_Error>
<Per_View_Reprojection_Errors type_id="opencv-matrix">
  <rows>50</rows>
  <cols>1</cols>
  <dt>f</dt>
  <data>
    1.34199709e-01 1.77250654e-01 1.69876382e-01 2.02407852e-01
    1.55754030e-01 1.92388445e-01 1.81000501e-01 1.38429135e-01
    1.62497580e-01 1.14732124e-01 1.22886002e-01 1.25408858e-01
    1.02006942e-01 1.05267785e-01 1.12410776e-01 1.22470811e-01
    1.03170805e-01 1.25354081e-01 1.29095092e-01 1.13592036e-01
    1.38056472e-01 1.40119404e-01 1.50226414e-01 1.60100117e-01
    1.39758885e-01 1.47534952e-01 1.46020129e-01 1.32580519e-01
    1.63394853e-01 9.46659446e-02 1.41972587e-01 9.26891938e-02
    9.31454971e-02 1.11564234e-01 1.14666209e-01 1.79493442e-01
    1.30236864e-01 1.21607281e-01 1.14046790e-01 1.16556533e-01
    1.47084251e-01 1.41657844e-01 1.06049009e-01 1.14778489e-01
    1.24173008e-01 1.10495344e-01 1.41849130e-01 1.61118284e-01
    1.39058098e-01 1.11526482e-01</data></Per_View_Reprojection_Errors>
<!-- a set of 6-tuples (rotation vector + translation vector) for each view -->
<Extrinsic_Parameters type_id="opencv-matrix">
  <rows>50</rows>
  <cols>6</cols>
  <dt>d</dt>
  <data>
    4.0896295073569716e-01 7.2919003844185781e-01
    -2.6897854938865762e+00 4.0293624894750080e-02
    1.0064834781732446e-01 4.3403320823206765e-01 7.3031819393893915e-01
    1.0559836561304790e+00 -2.6286168240100825e+00
    1.2466803713811496e-02 5.9577170690113146e-02 4.4982869388351360e-01
    -4.1579432265878952e-01 3.9656100843652892e-01
    -2.4189213094390976e+00 5.6650262619338830e-02
    1.2239395969440379e-01 3.6822363129000257e-01
    -1.0386286817787438e+00 -5.3337415764181972e-01
    2.7125138983711081e+00 5.7632283563374867e-02 6.7374171414715675e-02
    4.3622260825464609e-01 -3.7875095095251810e-01
    4.6611654053699908e-01 -2.9674537958033120e+00
    1.2521326428173010e-01 1.0846921138581572e-01 3.4139781091576271e-01
    -6.3818158298764938e-01 4.2591250517282075e-01
    -2.8886450166595181e+00 1.0331969028980223e-01
    1.1931079815737830e-01 3.2460511720155860e-01
    -7.6567489740433203e-01 4.4706920515181120e-01
    -2.8523561998408016e+00 6.9182628805314048e-02
    1.2154623462667820e-01 3.1065944460450606e-01
    -7.5295514773066313e-02 7.5657484823989307e-01
    -2.7976233196986762e+00 6.7981810732223827e-02
    1.0150282998020453e-01 3.8860294329847089e-01 2.4145045397361475e-01
    9.0845789020574730e-01 -2.7175787648192160e+00
    5.5680675036714977e-02 5.7134379359080632e-02 4.3562553881034227e-01
    8.9437877745624381e-02 9.2701986795216984e-01
    -2.9455135665119347e+00 7.3960896402840093e-02
    4.6281369372811763e-02 5.4091454575275866e-01 7.4931804867282445e-02
    1.1913289844178678e+00 -2.8642627043412361e+00
    6.6560814715492828e-02 3.6134775474083738e-02 5.4189489929545498e-01
    -5.2049942107287706e-01 -1.3390585754756192e+00
    2.7292583765683860e+00 4.8610324186566620e-02
    -2.6552421818800700e-03 5.7986161045999973e-01
    -4.9853796682974050e-01 3.9928036365710629e-01
    -2.8114109000203964e+00 7.6388785000335024e-02
    8.0183934494985162e-02 4.8292837543095174e-01
    -7.8970689689002260e-01 -6.9399234905254448e-01
    2.9392663983716711e+00 2.7209063506521119e-02 2.3353565104035166e-02
    5.6857759575270872e-01 6.4846505544369082e-01 7.5791693439435903e-01
    -2.5906941435608153e+00 -8.5064587580810039e-03
    8.8991619763994126e-02 5.8255033828373526e-01 4.3345765942808046e-01
    6.3802753809457402e-01 -2.4595091836270759e+00
    -1.7236891289544989e-02 1.0608632935029710e-01
    5.6044354594027268e-01 4.0267632035171425e-01 6.3505829645743161e-01
    -2.2392022282922794e+00 -3.1615816532907078e-02
    1.1528232499076624e-01 5.6753416306066229e-01 3.6616184503838228e-01
    5.8369949847802349e-01 -2.1650835934567705e+00
    -4.4317698790446031e-02 1.2944737236784654e-01
    5.5224269081520938e-01 3.2207454059078003e-02 3.0206913203116303e-01
    -1.9786800946003675e+00 -6.6157624716091171e-02
    1.1860061285794753e-01 5.3450291963249608e-01
    -2.3949334842901644e-02 2.5729530855161209e-01
    -1.8939030905347456e+00 -5.1345909657834476e-02
    1.1533636252492779e-01 5.3654283104759115e-01
    -7.0611248436597759e-02 -3.1698999300461099e-02
    -1.7321802421714187e+00 -4.6381100784917501e-02
    1.2840092247553031e-01 4.8859486006273989e-01
    -1.2723825569673383e-01 4.9427325466021819e-02
    -1.5728812916531070e+00 -7.2148778942546343e-02
    1.1830445277180024e-01 5.0244067588468666e-01 3.7836086251577777e-01
    3.2052715380091507e-01 -7.8859864036312954e-01
    -1.7043647679469648e-01 -9.7208455301713483e-03
    5.2364195507184430e-01 1.6882991646577319e-01 6.1790317127740502e-01
    -1.5201758479567427e+00 -7.7882239632350581e-02
    8.6599285816120308e-02 5.5891898819526564e-01 5.2654387454631002e-01
    6.0560602555025755e-01 -1.3276189659912183e+00
    -1.1645945166839843e-01 5.1263818650602533e-02
    5.5932950957282856e-01 5.0070268122201979e-02 2.2780667444454078e-01
    -1.5699628718365564e+00 -9.9338421269186225e-02
    1.0080930145289303e-01 5.2444427803229732e-01 6.2041801947993913e-01
    5.1829915750985345e-01 -1.4201637870266342e+00
    -1.1004557425138008e-01 5.5707218369877819e-02
    5.8567648036710851e-01 2.1169914733934045e-01 1.6475878756103221e-01
    -1.5380199446716458e+00 -8.2405463789134992e-02
    1.0970903375795524e-01 5.9348060262842661e-01
    -1.5406111034337772e-01 -1.3500544874433900e-02
    -1.8772952689122355e+00 -2.1282318602539495e-02
    1.2969902370729239e-01 5.4531278231123492e-01
    -1.0900246796275898e-01 1.1329177402399139e-01
    -2.3858788178846058e+00 2.7558529189988981e-02
    1.3446745015080888e-01 5.4377383132473778e-01
    -1.7301835972848670e-01 -9.7453887337540873e-02
    -2.3531903295544025e+00 2.1685291949604356e-02
    1.3759004280176010e-01 5.1822893302421813e-01
    -2.9019464542105633e-01 -4.8450697045024423e-02
    -1.0102512773108041e+00 -1.0943787564799999e-01
    5.2448111028172144e-02 5.6386319926261352e-01
    -2.9021804330525730e-01 6.9371427344962974e-02
    -8.2875511509383737e-01 -1.1923743905008485e-01
    3.0308011173355884e-02 5.7171835333079346e-01
    -1.3368122265654100e-01 4.1643046765953415e-02
    -2.6402404704356930e-01 -1.3303722456539227e-01
    -4.6630183565580824e-02 5.5516125322856469e-01
    -7.8876156816826318e-02 1.5081470059290736e-01
    -1.4602073182898703e-01 -1.3075392413669687e-01
    -4.6389959566331955e-02 5.6229396597457082e-01
    -4.1851695338401843e-02 2.8165277352305125e-02
    -4.2795592385779298e-02 -9.8426206184136431e-02
    -5.8133753948263187e-02 5.4600488575620709e-01
    -1.7258719315681820e-01 -6.2387736072242295e-01
    -2.0446557848259737e+00 1.7114620654659296e-02
    1.3102719126174828e-01 4.6167076229533982e-01
    -8.8399924571364377e-02 -1.3844442645953856e+00
    -2.7013878936117064e+00 9.2578271584088920e-02
    5.9102850197261095e-02 4.2915627509496529e-01 9.4439100137336113e-02
    -1.6792813003850553e+00 -2.5224486226855225e+00
    9.0384479364799986e-02 5.0537263353457422e-02 4.2150509130716046e-01
    6.3813126643330734e-02 -1.5843036684213150e-04
