<?xml version="1.0"?>
<opencv_storage>
<calibration_Time>"Fri 26 Apr 2019 03:16:50 PM PKT"</calibration_Time>
<nrOfFrames>37</nrOfFrames>
<image_Width>320</image_Width>
<image_Height>240</image_Height>
<board_Width>9</board_Width>
<board_Height>6</board_Height>
<square_Size>2.5000000372529030e-02</square_Size>
<!-- flags:  +zero_tangent_dist -->
<flagValue>8</flagValue>
<Camera_Matrix type_id="opencv-matrix">
  <rows>3</rows>
  <cols>3</cols>
  <dt>d</dt>
  <data>
    2.9885089696671605e+02 0. 1.6372735755928727e+02 0.
    3.0266611708508589e+02 1.1833879643803836e+02 0. 0. 1.</data></Camera_Matrix>
<Distortion_Coefficients type_id="opencv-matrix">
  <rows>5</rows>
  <cols>1</cols>
  <dt>d</dt>
  <data>
    1.1841405046730222e-01 -5.7020975978719401e-01 0. 0.
    6.9177228553826176e-01</data></Distortion_Coefficients>
<Avg_Reprojection_Error>1.5455530870240877e-01</Avg_Reprojection_Error>
<Per_View_Reprojection_Errors type_id="opencv-matrix">
  <rows>37</rows>
  <cols>1</cols>
  <dt>f</dt>
  <data>
    1.35624111e-01 1.31596446e-01 1.04013726e-01 1.55466110e-01
    1.15778141e-01 1.31931886e-01 1.50457829e-01 1.51615366e-01
    1.47452742e-01 1.33580700e-01 2.06125379e-01 1.14796393e-01
    1.45776659e-01 1.95028245e-01 1.18842691e-01 3.80523115e-01
    1.24291264e-01 1.59481078e-01 1.35183200e-01 1.63272291e-01
    1.14533439e-01 1.28356144e-01 1.34571388e-01 1.42503276e-01
    1.51540920e-01 2.10660502e-01 1.41319484e-01 1.29253566e-01
    1.24635383e-01 1.21210061e-01 1.24022990e-01 1.37261450e-01
    1.01889960e-01 1.60726666e-01 1.67382389e-01 1.31230280e-01
    1.39606327e-01</data></Per_View_Reprojection_Errors>
<!-- a set of 6-tuples (rotation vector + translation vector) for each view -->
<Extrinsic_Parameters type_id="opencv-matrix">
  <rows>37</rows>
  <cols>6</cols>
  <dt>d</dt>
  <data>
    2.2648057687483611e-01 -7.5344038331549157e-01
    2.9424264486870682e+00 1.4667794749416269e-01
    -6.1159714441280698e-03 4.0275113302739535e-01
    2.0539477584756374e-01 -7.6500861335382875e-01
    2.9396304350738540e+00 1.4691244007835541e-01
    -1.5388015157453134e-02 4.1369371438786856e-01
    2.0637348307023484e-01 -7.6153102968064423e-01
    3.0170852079507915e+00 1.8988776159612750e-01
    -9.4064517738709080e-03 5.3597508281333661e-01
    2.6307861742510631e-02 5.9123757727321435e-01
    -2.9386635874666998e+00 1.4173313979787780e-01
    3.2775819456029795e-02 5.1594862595519142e-01
    -1.3816900393333388e-02 6.8182462939712252e-01
    -2.9422430527037191e+00 1.4710528692539404e-01
    3.9576299236643339e-02 5.1584458990468141e-01 1.6325456157962887e-01
    -1.0850019735971310e+00 2.8743989612966341e+00
    1.4981231561172359e-01 -1.5217760947170141e-02
    5.1395619474146059e-01 1.8975943037394097e-01
    -1.2232856540002548e+00 2.7308983146424444e+00
    1.5454297826840502e-01 1.7366264383031512e-03 5.1634341793249239e-01
    6.9654706837258985e-03 9.0616557942127374e-01
    -2.7354895923015912e+00 1.2094693950244868e-01
    5.7070140535842820e-02 5.4708918801447981e-01 3.2813261195578945e-02
    8.5968876775790870e-01 -2.7068834995739817e+00
    1.1919923775618352e-01 6.0725229102197263e-02 5.4713436325794029e-01
    -1.1386145687896757e-02 5.0025360286172305e-01
    -2.4401092269770790e+00 9.7733125463990392e-02
    9.8779483169083845e-02 5.5105634344148868e-01 1.3150292781950196e-01
    3.9867695272507261e-02 2.9836260261999112e+00 1.5745185642933543e-01
    -7.5106029401867521e-03 5.1227219640374877e-01
    -6.9338880424975891e-01 5.5317470733894847e-01
    -2.8896314925174229e+00 1.6879546078559582e-01
    7.9058715217141477e-03 4.6547540730458420e-01
    -8.7487200651301511e-01 6.7481307924173073e-01
    -2.8682197447033237e+00 2.1186098193374994e-01
    8.1304472641348033e-03 4.4949637380454988e-01
    -7.4774138672534485e-01 6.1780242241033279e-01
    -2.9449433626220971e+00 2.0981245692189482e-01
    -2.5910137991346806e-02 4.5068578037859530e-01
    -5.8042293955887869e-01 5.1907815377896427e-01
    -2.9771692693358078e+00 2.0778630243434354e-01
    4.0108277976383305e-02 4.9735552212339545e-01
    -7.5981423111862567e-02 4.2538698719022250e-01
    -2.6397570971902464e+00 1.1993852742461293e-01
    9.1705168016694996e-02 5.2306097398862084e-01
    -2.1594795401765440e-02 4.3964308919064982e-01
    -2.4126470641649771e+00 9.5331586549432856e-02
    1.1022043309163435e-01 5.5645919098004959e-01 2.6678626427916078e-02
    4.1709747162165106e-01 -2.3877073863468383e+00
    8.9470036902649180e-02 1.0860040544369216e-01 5.5431510540900741e-01
    1.8921121357856160e-01 3.8635609035597035e-01
    -2.1080064575240600e+00 3.5191548496220255e-02
    1.1039680182947544e-01 5.5166903649860211e-01 2.3767905526478880e-01
    3.8651159591996959e-01 -1.8268916872261238e+00
    5.4817678331492920e-03 1.0426809328002987e-01 5.5067773150545463e-01
    3.2615483951824653e-01 3.2723243807943408e-01
    -1.4155785763064310e+00 -2.2031068870474534e-02
    7.2995272455716062e-02 5.4727682060895322e-01 3.4784366845073800e-01
    3.2378594005360867e-01 -1.2861370864754242e+00
    -2.5633053572454663e-02 6.0297989405042142e-02
    5.4817613351786265e-01 4.5333195930972253e-01 7.4660525187163096e-01
    -1.5651812495874851e+00 -7.6881403066959633e-03
    4.5629710857207878e-02 5.7191905248644237e-01 4.5945329888403463e-01
    7.5056366943346664e-01 -1.5881937708611342e+00
    -9.0880842442378987e-03 5.3088451795224298e-02
    5.7266443295922165e-01 6.7007363691215627e-01 9.2125429941199766e-01
    -1.5697655419287384e+00 -6.2854302781561377e-03
    4.5230791117086312e-02 5.7645357349512649e-01
    -1.6021270920342648e-01 1.3719666059322849e-01
    -1.5061348528773728e+00 1.5101959604215018e-02
    8.6704790851607025e-02 5.3374476548883643e-01 1.8585878320075935e-01
    3.7790029291170868e-01 -1.7617611810585232e+00
    -2.5695008112724699e-03 1.0931803072106239e-01
    5.3781461276135367e-01 2.6123373330847405e-01 6.4452760231402340e-01
    -2.1490128931071864e+00 4.2580340650294812e-02
    8.5025142101894782e-02 5.6354858359757842e-01 1.0578819108871249e-01
    7.4959086852128642e-01 -2.4473226266711450e+00
    9.9020107309605976e-02 7.1915509858128154e-02 5.5100971014136280e-01
    7.4868749128658443e-02 1.1741746682391641e+00
    -2.5946105410171265e+00 1.3418248688434650e-01
    2.9835877845508486e-02 5.6797882502341646e-01
    -4.4271028207497970e-01 -6.7476094349901217e-01
    2.8731207076320384e+00 1.2945305511689811e-01
    -1.6083198863706346e-02 5.4291939349355056e-01
    -2.9690055366281491e-02 -6.9465548397468135e-01
    3.0213221737428411e+00 1.4033559974915966e-01 1.2557599024589430e-02
    5.1011105327053030e-01 -6.4012960207783509e-01
    6.7536360599623602e-01 -2.9050848680112140e+00
    1.5962831788613244e-01 3.6343152028364946e-02 4.5435201549678295e-01
    -6.8530936786236440e-01 1.3001176067015010e+00
    -2.6558156265666315e+00 1.6694233918252241e-01
    1.9593359886290192e-02 4.9113792501343373e-01
    -8.6597400822994164e-01 1.1239552594993634e+00
    -2.5908831849837699e+00 1.4857687493485569e-01
    3.1859116866630892e-02 4.6508700452167728e-01
    -9.0250329356793779e-01 1.0927949746066068e+00
    -2.5994397930833468e+00 1.4270200205739550e-01
    3.0918116034636595e-02 4.5851365409717920e-01
    -5.8928518506471228e-01 -8.9127486082331431e-01
    2.7104785753870893e+00 1.1594782349422585e-01
    -6.9978090119022743e-02 5.3640366879578427e-01</data></Extrinsic_Parameters>
