<?xml version="1.0"?>
<opencv_storage>
<calibration_Time>"Sun 28 Apr 2019 10:01:29 AM PKT"</calibration_Time>
<nrOfFrames>43</nrOfFrames>
<image_Width>320</image_Width>
<image_Height>240</image_Height>
<board_Width>9</board_Width>
<board_Height>6</board_Height>
<square_Size>2.5000000372529030e-02</square_Size>
<!-- flags:  +zero_tangent_dist -->
<flagValue>8</flagValue>
<Camera_Matrix type_id="opencv-matrix">
  <rows>3</rows>
  <cols>3</cols>
  <dt>d</dt>
  <data>
    2.8301923564917803e+02 0. 1.6083569025554002e+02 0.
    2.8321035128025289e+02 1.1164780177609973e+02 0. 0. 1.</data></Camera_Matrix>
<Distortion_Coefficients type_id="opencv-matrix">
  <rows>5</rows>
  <cols>1</cols>
  <dt>d</dt>
  <data>
    -6.1289088640961775e-02 -2.3474251535528692e-01 0. 0.
    9.3078752605442949e-01</data></Distortion_Coefficients>
<Avg_Reprojection_Error>2.6126092543771340e-01</Avg_Reprojection_Error>
<Per_View_Reprojection_Errors type_id="opencv-matrix">
  <rows>43</rows>
  <cols>1</cols>
  <dt>f</dt>
  <data>
    2.51973987e-01 2.12072998e-01 1.64541468e-01 2.63544768e-01
    3.02910358e-01 1.92940056e-01 3.10282767e-01 1.54082492e-01
    1.51727885e-01 1.55402496e-01 2.92740613e-01 2.44585082e-01
    1.62179142e-01 2.72878140e-01 2.03920662e-01 1.94410056e-01
    1.53577715e-01 2.32845858e-01 1.70686290e-01 1.44600287e-01
    2.29364187e-01 2.02652395e-01 1.43206820e-01 1.68240070e-01
    5.09830594e-01 1.60647780e-01 1.36757627e-01 1.38037041e-01
    2.38547012e-01 1.57962486e-01 2.15465277e-01 1.50714010e-01
    1.60354823e-01 1.40378729e-01 1.76563650e-01 1.80344164e-01
    8.41951251e-01 4.27291989e-01 1.55056328e-01 1.43932119e-01
    1.15843527e-01 1.33139610e-01 5.35657048e-01</data></Per_View_Reprojection_Errors>
<!-- a set of 6-tuples (rotation vector + translation vector) for each view -->
<Extrinsic_Parameters type_id="opencv-matrix">
  <rows>43</rows>
  <cols>6</cols>
  <dt>d</dt>
  <data>
    -2.4127729485506724e-01 1.0573412375547155e+00
    -2.8577157203816026e+00 1.5296751149819796e-01
    6.6640472993998792e-02 3.7935800893159988e-01
    -4.5502580119776590e-03 -3.2160626908513507e-01
    -3.1168630727904012e+00 1.1774837696034191e-01
    4.0258568938105796e-02 3.0625779872404801e-01
    -8.4201728724030811e-02 -5.6353446561653697e-01
    -3.0669329812615067e+00 1.1281820597037936e-01
    3.2337664511957985e-02 2.9888573793968293e-01
    -1.8378890160043776e-01 -1.9024264945618283e-01
    -3.0836095609874570e+00 9.6895532257671974e-02
    4.1555991362958414e-02 3.3218475593560826e-01
    -3.5612396405668274e-02 -5.2308868210305459e-01
    2.9480568585581590e+00 1.0464497712257671e-01 6.8645963291665654e-02
    3.5719779204756180e-01 -2.2693184679716463e-01
    -7.5169718291854770e-01 -3.0141826489215719e+00
    7.8855505187423180e-02 1.9317343985884507e-02 2.6308149983843632e-01
    8.5240665475164581e-02 2.5285540599645479e-01 3.0939486963446301e+00
    7.6739425357416735e-02 3.6718880089946830e-02 3.0078539582783326e-01
    1.0565020968799015e-01 -1.3940690672881295e-01
    3.0207082594041053e+00 9.4289034067614130e-02 1.2093670693993324e-02
    4.1521246364191683e-01 1.6675818106103992e-02
    -5.7733513723429830e-01 3.0022027642296929e+00
    9.4892832572389382e-02 3.4426255882039923e-02 4.5088799608537139e-01
    -5.6203481280266886e-02 -8.4859307515027516e-01
    2.9426214203578924e+00 9.3146174199541978e-02 5.4372766940934819e-02
    4.8025296198583761e-01 4.5421364441547823e-01 3.3955059145883282e-01
    -1.6429606718461582e+00 -5.1498115732396446e-02
    6.6154087696235181e-02 4.8335976444646628e-01
    -1.6158508894634729e-02 -7.1063930645768481e-01
    -2.5606333190794599e+00 6.7776304585002542e-02
    5.4763024355347065e-02 3.0339003060757724e-01 4.2720247771039777e-02
    -3.6269925622805121e-01 -3.0607637995987189e+00
    1.1052447673298396e-01 1.0712702404468670e-01 3.2713381743368775e-01
    1.6588767917445662e-02 -1.0553373727631590e-01
    -3.0979689701773752e+00 1.0058759898327241e-01
    1.1550942549792245e-01 3.2027200590207860e-01
    -2.9379023577196059e-02 -1.3233146958196398e-01
    -3.0794740924039958e+00 7.2429558032325481e-02
    9.2482093980989000e-02 3.2661620974447536e-01
    -1.1285603108127996e-01 -1.0387450898129595e-01
    -3.0855835320720351e+00 7.4554059071470502e-02
    5.8053177333733955e-02 3.3298729314646641e-01
    -1.6584552020643212e-01 1.5905426487727636e-01
    -3.0855512902336071e+00 9.6440870448007227e-02
    6.0058865647162570e-02 3.3158409128402255e-01 8.6167326330340827e-02
    -8.6818693014086554e-02 3.1140534512082714e+00
    1.0900723724550510e-01 8.0771353096512857e-02 3.2559101455222544e-01
    -1.6178725261608598e-01 6.7235832646115146e-01
    2.5822714124666541e+00 1.1364741471379163e-01
    -5.0450628835040795e-04 3.3405481446793717e-01
    -2.8700019689659584e-01 1.7894084288293094e-01
    1.6046721094318777e+00 3.7400129909563970e-02
    -1.0929141481430867e-01 3.7305400216334283e-01
    -2.0797737766683994e-01 4.8725094110905205e-02
    1.6282909729990880e+00 4.1842226449562335e-02
    -1.1565141764964772e-01 3.6800322010264835e-01
    5.7260934550352682e-01 -6.7025925367346861e-01
    1.4422743221000880e+00 1.0909422773433550e-01
    -8.3545164678605344e-02 3.4427538749719572e-01
    -4.4761723550017542e-02 5.6104517868459425e-01
    -3.0544465950952868e+00 6.9411246630224868e-02
    9.8665276124009452e-02 3.9019972084296251e-01
    -4.1108672640179540e-02 1.0693820509627745e+00
    -2.9298807224511934e+00 8.6310282450019871e-02
    5.1147543283919433e-02 3.7370218761798257e-01
    -2.0835644018641790e-02 3.6973036856508640e-01
    -3.1100309021740595e+00 9.4046077154376850e-02
    5.2861982072784731e-02 3.5571078416218760e-01
    -1.7102581791901306e-01 -5.8816844234043031e-01
    -3.0813446224677619e+00 9.1657093663914890e-02
    5.4626061821397356e-02 3.1515888078231674e-01
    -1.0902013198826942e-01 -7.9732190271391901e-01
    -3.0163272843884239e+00 7.9288139906336666e-02
    9.9623886505291692e-02 2.9990169840821923e-01 1.7819491092565395e-01
    5.5168656058124732e-01 2.9973474260168391e+00 8.1776343835891885e-02
    4.8051390799759591e-02 3.1324412813881120e-01
    -2.1676351418786957e-01 2.1269622358043927e-01
    2.9861598817504156e+00 5.7932875824193493e-02 4.4578515695558138e-02
    3.5909370456583989e-01 -8.5383260853673565e-02
    -6.2783572636889584e-01 -2.9191845428224585e+00
    6.1722903842509801e-02 7.4151848508740778e-02 3.0704850766586284e-01
    -6.5372669748217163e-02 -5.4547476390317051e-01
    -2.9222387499855174e+00 8.4357444172529134e-02
    3.8615796603701590e-02 3.7343101068030449e-01 1.1570600509871232e-02
    -8.5229866632925300e-01 -2.9661637165591856e+00
    8.3435352067731575e-02 5.8740066627606044e-02 3.2837354032452987e-01
    -2.9412114136474019e-02 2.3913409255568438e-01
    -3.1029083344948107e+00 7.7032545358774962e-02
    3.1561355293581027e-02 3.9655410835794624e-01 9.4688267717114707e-02
    4.2648223913911804e-01 -2.7626169458005734e+00
    3.6333058852958393e-02 7.0092608844688722e-02 4.1401684048192755e-01
    1.4826829351319656e-01 -1.3436981252788946e-01
    -2.3352698205918005e+00 -3.6672458004858438e-02
    9.0364127503320041e-02 3.8287864737869376e-01 4.5174284484315030e-01
    4.7499200529622543e-01 -1.5086495577536152e+00
    -8.3697795365485245e-02 5.8702969676647544e-02
    4.6251641774669688e-01 1.2369068688644690e-02
    -1.0700437293202669e-01 -1.5048394079557876e+00
    -9.9228466642471591e-02 1.1025402331439503e-01
    3.1553090143341800e-01 -1.0329327954573463e-02
    -4.0741800632868780e-02 -1.5206471402370010e+00
    -9.3768462748541365e-02 9.8317880891264572e-02
    3.9364229659157424e-01 -1.8675074621336560e-01
    -1.0676601853065761e-01 -2.6949810853425982e+00
    2.2666899361519170e-02 9.4329172147490148e-02 3.5573420351737606e-01
    -1.7242021527885007e-01 -1.9082420422805257e-01
    -2.6757330926954945e+00 1.3679336902216998e-02
    9.0512360822049887e-02 3.4053438191830943e-01
