<?xml version="1.0"?>
<opencv_storage>
<calibration_Time>"و 14:00:26 PKT ت 23 اپريل 2019"</calibration_Time>
<nrOfFrames>39</nrOfFrames>
<image_Width>160</image_Width>
<image_Height>120</image_Height>
<board_Width>9</board_Width>
<board_Height>6</board_Height>
<square_Size>2.5000000372529030e-02</square_Size>
<!-- flags:  +zero_tangent_dist -->
<flagValue>8</flagValue>
<Camera_Matrix type_id="opencv-matrix">
  <rows>3</rows>
  <cols>3</cols>
  <dt>d</dt>
  <data>
    1.3943591121559396e+02 0. 7.9590118374512627e+01 0.
    1.3935465548889871e+02 6.1319843068945900e+01 0. 0. 1.</data></Camera_Matrix>
<Distortion_Coefficients type_id="opencv-matrix">
  <rows>5</rows>
  <cols>1</cols>
  <dt>d</dt>
  <data>
    -6.3076437984015896e-02 -1.1224283181313403e-01 0. 0.
    4.5136341961414267e-01</data></Distortion_Coefficients>
<Avg_Reprojection_Error>2.2503466474338230e-01</Avg_Reprojection_Error>
<Per_View_Reprojection_Errors type_id="opencv-matrix">
  <rows>39</rows>
  <cols>1</cols>
  <dt>f</dt>
  <data>
    5.88548124e-01 1.70129418e-01 2.24586025e-01 2.31871918e-01
    2.41565213e-01 1.97816253e-01 7.60264844e-02 1.34183317e-01
    2.20754042e-01 2.09259212e-01 1.61625624e-01 1.55668706e-01
    1.15914099e-01 2.22004965e-01 8.03638324e-02 2.11461514e-01
    9.30268615e-02 1.67338848e-01 1.97769940e-01 2.03576103e-01
    2.05736846e-01 1.81676447e-01 1.66835308e-01 2.05343813e-01
    2.22771510e-01 1.50233865e-01 2.42150068e-01 1.81664124e-01
    2.03660458e-01 2.11257249e-01 2.25660160e-01 1.50316998e-01
    4.58739847e-01 3.22953343e-01 2.12834165e-01 2.07950667e-01
    2.36177191e-01 2.09950775e-01 1.68087989e-01</data></Per_View_Reprojection_Errors>
<!-- a set of 6-tuples (rotation vector + translation vector) for each view -->
<Extrinsic_Parameters type_id="opencv-matrix">
  <rows>39</rows>
  <cols>6</cols>
  <dt>d</dt>
  <data>
    1.8303287434741708e-01 3.0028301279668500e-02 1.4206661672123849e-01
    -8.4424303400274556e-02 -8.2351852599246281e-02
    2.6658625629182681e-01 1.1668151471267672e-03 3.3928164328602528e-01
    -3.1056104775537157e+00 1.0486722367690435e-01
    3.3236022876957143e-02 3.6614959747091036e-01
    -7.0420192417870564e-02 3.2211402314913823e-01
    -3.0420063302555400e+00 1.0423961232958426e-01
    6.1401081881273439e-02 3.4602140418968697e-01
    -9.8517790267643207e-02 1.2171690379520611e-01
    -3.0781887520536109e+00 1.1504514333170893e-01
    4.4736489649461746e-02 3.5270804934658762e-01
    -3.1462967719384137e-02 7.8592757904537092e-01
    -3.0029578283336007e+00 1.0921866583107243e-01
    3.3398818091036640e-02 3.6260618263100264e-01 1.0976925531888981e-01
    -5.0436307266509806e-01 -3.0969153934597804e+00
    1.0586476511231761e-01 2.5882898472420226e-02 3.3317497053822498e-01
    -1.4080188475301238e-03 -6.6710876415725406e-01
    -2.6513855949323522e+00 3.3981514683819790e-02
    5.0225551815853593e-02 2.6133415428124640e-01 4.0899205378912079e-01
    1.2296718810134721e-01 2.9137783115591231e+00 1.4261495173151523e-01
    1.8011248884813629e-02 2.7238820440827055e-01 3.7925536802719758e-04
    1.2061095368382577e+00 2.8868043120478255e+00 1.0416904799137044e-01
    2.6584412610307349e-03 2.3132086830038104e-01 3.6545055113566594e-02
    3.2352752503325688e-01 -3.1199320915740270e+00
    1.0234993542080596e-01 2.7380883119960991e-02 3.1436270189283938e-01
    1.0006087964366257e-02 -9.1298142445216746e-01
    -3.0047347623442748e+00 1.0232800320307762e-01
    2.1487377219233758e-02 2.5997500917867195e-01 6.2180670670372640e-01
    -1.5915079302344834e-01 -2.9455931592915383e+00
    7.7339070769647994e-02 4.3442040852483793e-02 3.2074376807445892e-01
    3.8156653461540480e-01 5.1104452987563487e-01 2.9398621816607364e+00
    1.0379693398007844e-01 3.1666779114722980e-02 2.6576694082529562e-01
    3.6287589776236617e-01 -3.1988236686330845e-01
    -3.0691652146668607e+00 9.1458001155884830e-02
    6.1096344684761723e-02 3.5663118935835686e-01 3.9997977343673002e-01
    6.4574073795454201e-01 2.7242955989712065e+00 1.0657907481169529e-01
    9.2383782493586479e-04 2.6830617514491639e-01
    -1.1250974222652302e-01 4.5252375331841316e-01
    3.0034791212770533e+00 1.0102299742331586e-01 4.5878468256654724e-02
    3.2770404290447996e-01 3.7130924199025567e-01
    -7.3273614610231041e-01 -2.8747170313830481e+00
    7.9879045566738804e-02 6.9253269723126773e-02 3.1536479731810596e-01
    -7.4868876950582641e-02 5.5306804585351610e-01
    3.0869497642591677e+00 9.0452919163191661e-02 4.4949115706035388e-02
    3.1083906712989240e-01 -1.1322705972155933e-01
    3.0753009139937965e-01 3.1107920881871793e+00 1.0076027230597530e-01
    5.3737144663338773e-02 3.4765719176960247e-01
    -1.0440130300622036e-01 4.6994917202022457e-01
    3.0965618738549772e+00 9.8503158609023991e-02 4.7877566413473523e-02
    3.2700439272617476e-01 1.4295981083042461e-01
    -6.4504326050845540e-01 -3.0685787147381749e+00
    9.5424140125253271e-02 3.9470884612288204e-02 3.0932034407952236e-01
    -6.3081740460884300e-02 1.7445043037478991e-01
    3.1220162754525300e+00 9.2701981295902749e-02 5.9483894901005661e-02
    3.5875775290174433e-01 2.4308943162977453e-01 3.3698615232288537e-01
    2.9785449663561137e+00 9.0905537623099428e-02 2.6816787392299563e-02
    3.0097618488770750e-01 2.4112288077649582e-01
    -5.6779182422940455e-01 -3.0013082429555413e+00
    6.2626539776177215e-02 2.0252593128998037e-02 3.1183854359674967e-01
    1.5337523377884055e-01 -4.5366132538015774e-01
    -3.0072972818715606e+00 4.4331294272504408e-02
    2.0843452914471469e-02 3.1917591902925307e-01 1.9055331909159060e-01
    5.1730438794409537e-03 2.9643453491943514e+00 7.7856203806511745e-02
    -1.0857967836652835e-02 3.3886852992828675e-01
    -4.2645118273571536e-02 6.8088959912603597e-01
    -3.0114301614401828e+00 6.4640382572389674e-02
    3.8182483478868399e-02 3.6168894331945767e-01 1.9743123613732672e-01
    -6.1703302096532808e-01 -3.0017946598526537e+00
    7.7582920362514282e-02 3.2190971217322603e-02 3.0875893367815427e-01
    -1.5287876537294112e-01 -1.5207504529148957e-01
    -1.5351647305496512e+00 -9.0110314961329568e-02
    9.1157630584574365e-02 3.4078640685919542e-01
    -3.0586380587816264e-01 -5.5983479303334027e-02
    -1.5569045625045244e+00 -8.8452376421973983e-02
    9.5281525661298258e-02 3.3223747416999677e-01
    -3.8685361436057614e-01 1.6585822866683027e-02
    -1.5644798902738797e+00 -9.0676909799657812e-02
    9.4156544799224459e-02 3.2845967921784514e-01 6.3406651905244429e-02
    -4.3564824349533088e-01 -1.4122638432374004e+00
    -9.0951224957060636e-02 7.2442045534002436e-02
    2.8409709801200805e-01 -4.5784179996022251e-01
    -3.8628446211586320e-01 -1.5018286978817721e+00
    -1.0437140995782701e-01 7.2164477289609535e-02
    2.7252336593243587e-01 -2.5155355584948195e-02
    -7.3005868798477813e-02 -1.5542641486556168e+00
    -1.0395211498448362e-01 1.0194390726117077e-01
    3.2509286779815422e-01 -1.5234678280286688e-02
    -7.8224012951986333e-02 -1.5618870715140620e+00
    -9.3935050200186207e-02 1.0288937745289709e-01
    3.2414401570914375e-01 -4.0335484846613945e-01
    -1.9180795645373333e-01 -1.6023720031353772e+00
    -8.8097824530288804e-02 8.8001822279058298e-02
    3.0458211007494096e-01 -3.4557188201176281e-01
    -2.2033346087532990e-01 -1.4348621134045283e+00
    -1.1767464566646496e-01 5.9384556898727868e-02
    3.0140224759613299e-01 -1.7503972956293534e-02
    5.3373640280657553e-01 -3.0626067874275114e+00
    8.0376578778133437e-02 6.0512630635705673e-02 3.8778420280161835e-01
    7.6875879187352461e-02 -1.7010282575472660e-01
    -3.1269493719643062e+00 7.4963216647840350e-02
    1.0530535248545457e-01 3.5303430280891768e-01</data></Extrinsic_Parameters>
