<?xml version="1.0"?>
<opencv_storage>
<calibration_Time>"Mon 16 Apr 2018 12:40:03 PM PKT"</calibration_Time>
<nrOfFrames>60</nrOfFrames>
<image_Width>640</image_Width>
<image_Height>480</image_Height>
<board_Width>7</board_Width>
<board_Height>5</board_Height>
<square_Size>3.5000000149011612e-02</square_Size>
<!-- flags:  +zero_tangent_dist -->
<flagValue>8</flagValue>
<Camera_Matrix type_id="opencv-matrix">
  <rows>3</rows>
  <cols>3</cols>
  <dt>d</dt>
  <data>
    5.5615368653451083e+02 0. 3.2437956329545369e+02 0.
    5.5643346283525500e+02 2.2263409782632493e+02 0. 0. 1.</data></Camera_Matrix>
<Distortion_Coefficients type_id="opencv-matrix">
  <rows>5</rows>
  <cols>1</cols>
  <dt>d</dt>
  <data>
    3.6497728026691234e-03 -4.1760707730926744e-01 0. 0.
    1.0336726887087433e+00</data></Distortion_Coefficients>
<Avg_Reprojection_Error>2.4952215803683048e-01</Avg_Reprojection_Error>
<Per_View_Reprojection_Errors type_id="opencv-matrix">
  <rows>60</rows>
  <cols>1</cols>
  <dt>f</dt>
  <data>
    2.38279834e-01 2.55829155e-01 1.41594440e-01 1.23447657e-01
    6.01245821e-01 3.63255918e-01 1.93943799e-01 2.25966558e-01
    1.17759235e-01 2.17687950e-01 1.43063083e-01 2.05897346e-01
    1.36333182e-01 1.59814313e-01 1.45399868e-01 1.54746190e-01
    2.03636304e-01 1.49532184e-01 1.78546414e-01 1.35201424e-01
    1.52333900e-01 1.91618204e-01 1.67789757e-01 1.61666945e-01
    1.59642011e-01 1.16248481e-01 1.23293847e-01 1.79022893e-01
    1.16032533e-01 1.51226938e-01 1.24606654e-01 1.23653546e-01
    2.78129429e-01 1.17033787e-01 1.38363525e-01 1.54931068e-01
    1.32477731e-01 3.03017855e-01 2.10861325e-01 3.05798829e-01
    2.37820655e-01 1.21092387e-01 1.25391990e-01 4.63535964e-01
    5.57546794e-01 2.80786842e-01 1.59310743e-01 2.03011051e-01
    4.90709811e-01 2.20467806e-01 3.34276855e-01 1.76532611e-01
    2.31970951e-01 4.37661797e-01 1.45833060e-01 1.94621548e-01
    1.43329576e-01 6.55754626e-01 2.20442981e-01 1.59671888e-01</data></Per_View_Reprojection_Errors>
<!-- a set of 6-tuples (rotation vector + translation vector) for each view -->
<Extrinsic_Parameters type_id="opencv-matrix">
  <rows>60</rows>
  <cols>6</cols>
  <dt>d</dt>
  <data>
    4.2568342991676868e-02 -1.1956725139271508e-01
    1.4761723764814609e+00 1.1991972465027782e-01
    -1.3301732345359341e-01 4.7677758621615851e-01
    3.9503266900836081e-02 -1.1530416725981994e-01
    1.5070564107577165e+00 1.1488758413864125e-01
    -1.1354688901726086e-01 5.0153620289226553e-01
    1.0131698274138497e-01 -7.5644102207423028e-02
    1.5730725316517744e+00 8.9155576992009017e-02
    -6.5437911135672919e-02 5.6377769256597965e-01
    9.8636184175484351e-02 -5.3215098344972990e-02
    1.5515589208253486e+00 8.4064594924846942e-02
    -6.9619575479731841e-02 5.8075314796263189e-01
    4.0527492961119183e-01 1.8785020608706013e-01 1.5136169909112869e+00
    2.6590802368675454e-01 -9.8867573726469635e-02
    5.4516499204506019e-01 6.8458233377659983e-01 3.0288016032277709e-01
    1.5478363057508433e+00 3.1899301011481740e-01
    -7.1379027794389122e-02 5.9010054587506511e-01
    8.4910520892535790e-01 5.9253026142624665e-01 1.4149698563668376e+00
    2.8069974169517908e-01 -8.6306687285675740e-02
    6.0561530703018951e-01 6.7972575396894341e-01 3.7898562280638937e-01
    1.4415736023980203e+00 2.1630194638530592e-01
    -8.7556903521125426e-02 6.3922820026218063e-01
    2.8587248982125751e-01 -3.6049540209671257e-02
    1.5233087178555866e+00 1.7696609175962807e-01
    -8.3440579924431796e-02 6.9510401673356392e-01
    2.3649895445538160e-01 -9.8214837773840907e-02
    1.5333017039456904e+00 1.4660595114343003e-01
    -8.8024225170070136e-02 6.9743723933095825e-01
    2.3226454675433350e-01 -2.9911962416345101e-02
    1.5707665236815533e+00 4.4956754443299794e-02
    -8.1061974274428988e-02 6.8763718617059622e-01
    1.8967277067408758e-01 -2.0908836373278627e-02
    1.5757349985513924e+00 3.2357334210725716e-02
    -9.1408213421428894e-02 6.9587306635054968e-01
    -2.7947436138368759e-01 -5.4640384497119665e-01
    1.5306987750664725e+00 -1.4334122954319331e-01
    -7.7747662772809908e-02 7.1050740466158180e-01
    -3.2201383404879214e-01 -5.7709422621375062e-01
    1.5243689671508014e+00 -1.6550294721369072e-01
    -7.8046219852154819e-02 6.9252197708210406e-01
    -2.8397298814527649e-01 -5.3218764008245034e-01
    1.5324618791379407e+00 -1.7795600835161723e-01
    -7.2431744185880331e-02 6.8621751152459731e-01
    2.6184345795799824e-01 3.6915086732171420e-02 1.5601926879807198e+00
    -1.4333784211468928e-01 -7.4639861239407648e-02
    6.3280469442848020e-01 4.0054781188641075e-01 2.0817613748554142e-01
    1.5683365497128170e+00 -1.3487960722910461e-01
    -7.9315960265508231e-02 6.1565912271976453e-01
    2.0580466459616631e-01 -4.4047970915213314e-02
    1.5561667440510858e+00 -1.2795892293688779e-01
    -7.9932890551742838e-02 6.3611471465814085e-01
    -1.4673695334603898e-01 -4.1263184074942100e-01
    1.5042031726214751e+00 -1.5226782133893380e-01
    -9.0355481711675720e-02 6.6204799842240736e-01
    1.0211402956369196e-01 -1.2938811502311007e-01
    1.5436087143907589e+00 -1.1172523562125499e-02
    -1.1140307183291862e-01 7.0929009090661244e-01
    1.0248359194878767e-01 -1.5264466259152390e-01
    1.5354202512580495e+00 -1.2339036616866939e-02
    -1.0776580115833106e-01 7.0489386896734407e-01
    1.0526803739361215e-01 -1.8084904482522546e-01
    1.5529372005309336e+00 -1.6095251973247127e-02
    -1.0479721356186102e-01 7.1891645779902569e-01
    5.2036883889866026e-01 2.5926822274272893e-01 1.5204617178867585e+00
    7.9388639663245815e-04 -1.0386398776987386e-01
    6.8271946383134885e-01 3.4289647567291359e-01 1.5057496723081359e-01
    1.3558810499185716e+00 -5.0796930375440405e-03
    -1.3168258606237992e-01 6.8903628260912442e-01
    1.5695152733980654e-02 -3.5706712708770710e-01
    1.0465067508639143e+00 -4.8086844660811465e-02
    -1.6103887563680661e-01 7.1667494220089423e-01
    6.2020732034721193e-02 -2.0184479697423421e-01
    1.0813515106734262e+00 -3.6030419884791963e-02
    -1.5804482539066533e-01 7.1466850437045426e-01
    9.1096440609322010e-02 -1.9846790729649888e-01
    1.0635995148613948e+00 -4.2455753607552854e-02
    -1.5982878492560879e-01 7.1104400431743375e-01
    2.4596651859584584e-01 -3.7865493397848515e-03
    6.9808004623462483e-01 -1.0498739962700607e-02
    -1.6371117774980617e-01 7.0746242091074407e-01
    2.5748673961456359e-01 2.8463261160465912e-02 4.7998080009376864e-01
    -1.8969476808288675e-02 -1.3293492630485546e-01
    6.8812262007576375e-01 2.9601841076729130e-01 1.8746676093455639e-01
    1.0736117999282668e-01 -2.3993412514408115e-03
    -1.3199374436881739e-01 6.9706797314017455e-01
    2.5982457745438281e-01 1.3616413457958657e-01 1.6041306326941698e-01
    2.3042203699985978e-03 -1.2663774423362822e-01
    6.8927726779050125e-01 2.6206947984385515e-01 1.3627379773769246e-01
    1.5962769613345446e-01 1.0363092608543529e-03
    -1.2696542983235642e-01 6.9375619995764792e-01
    3.0724322851102126e-01 -3.6901702647030832e-01
    2.7512082925331218e+00 2.8216749380633133e-01
    -3.5579787671450550e-02 7.2695049431412317e-01
    2.4964930539806318e-01 -3.3810237511604385e-01
    2.9146570457579828e+00 2.2043759476181712e-01
    -3.5096393814307507e-02 7.3074379368972719e-01
    3.4420760591573329e-01 -3.5593897748325948e-01
    2.9391827429572679e+00 2.2173566716947737e-01
    -2.3788959092024806e-02 7.1993659978120683e-01
    2.8481269277189001e-02 -3.3687941444082192e-01
    2.9337786830244248e+00 1.8306088896353637e-01
    -4.1866012429125174e-02 5.4949197685082474e-01
    -2.0360771262265983e-02 -3.6457600489700231e-01
    2.9928482478001142e+00 1.7365759264708905e-01
    -2.1057191111018420e-02 5.5857427642000868e-01
    1.1102810784302036e-01 -1.1058069533759183e+00
    2.8234281524169478e+00 1.9964917004247609e-01
    -2.1962496156822602e-02 5.5942287859349715e-01
